-6.672418458 -1.206198345 -1.081049865 0
1.535439226 -0.483855615 -1.028128731 0
-4.895875188 -0.705805658 -1.210887123 0
-3.427641716 0.23209341600000002 1.246428439 1
2.587162927 0.886915872 -0.82091222 0
0.16825389100000002 0.133428817 0.9718858490000001 1
-3.3808370489999997 0.356362487 -0.862080788 0
-4.187671795 1.200210266 -1.1166404559999998 0
1.163117999 1.265451308 -1.114130008 0
-0.44085317700000004 -0.1662735 0.56170322 1
0.535779332 0.5698233420000001 -0.873763512 0
-6.835984454 -0.07815000799999999 -1.086274198 0
0.7497811590000001 0.804761003 1.0786434520000001 1
-4.623770081 0.863512594 -1.0029806479999999 0
2.06638244 -0.483979702 1.641802449 1
-7.163501221000001 1.834769752 -1.117636246 0
3.870810482 -0.030477297999999996 1.3288300370000001 1
2.085703369 0.37696501200000004 0.816705584 1
3.760441552 -0.003585335 -0.942405497 0
0.270700351 0.616890468 -0.985280713 0
3.6538955960000004 0.604874519 0.149984413 1
-0.533398897 -1.8358454030000002 0.224769761 1
-3.14422256 -1.833900556 0.616219011 1
1.376764712 0.248709768 1.882272107 1
0.16825158 -0.086299471 -1.275138761 0
3.3580534419999997 1.353517974 -1.108256002 0
2.162850853 0.495234131 -0.9150667729999999 0
0.544246055 -1.9552436309999999 1.339894512 1
0.47184991600000004 -0.644285065 -1.034249985 0
3.017344567 -0.944577206 1.09277234 1
-1.849274015 -0.012394209 -1.130495434 0
7.023616157999999 -1.225950542 -1.209394597 0
-0.23476960600000002 1.023716659 -0.849036215 0
0.80174138 0.943510987 0.9293671440000001 1
-0.745818764 1.212348061 1.312301891 1
-7.327793432000001 1.199161572 -0.83569843 0
-1.583500181 -1.135388246 -0.937394917 0
-0.075752594 0.700169252 0.764470593 1
-2.9604925719999997 -1.75416115 0.6686648239999999 1
2.499268947 -0.460390499 -1.048526311 0
-0.790843946 -0.893883937 1.433847876 1
4.069281473999999 0.813480428 0.609732858 1
-3.573877431 0.276856967 -1.280675389 0
2.6556912319999997 0.15141188 -0.900766051 0
5.000991261 -0.40584022399999997 -0.9759285990000001 0
-3.2699433460000003 -1.752950079 -0.924871805 0
0.577479289 1.746465383 -1.1673885990000001 0
0.562671988 0.544580273 1.618966713 1
-4.929939157 -0.33595481899999996 -0.9206877640000001 0
1.903549771 0.6436587970000001 -0.930022259 0
2.335262139 0.6777738459999999 -0.9679714490000001 0
0.099896372 1.423095522 1.135062014 1
-3.81667708 -0.07532904900000001 -1.457580174 0
5.583558491000001 -0.177735526 0.797038885 1
-1.8951199440000002 -1.171912992 0.813686628 1
3.2845653360000004 -1.180242223 -1.1037156540000002 0
3.0047934080000003 -0.458313972 1.892629626 1
2.16626748 -1.057958601 1.644656528 1
4.759511042 1.515125333 0.949815678 1
-2.506572823 0.501012544 1.428216691 1
1.7113459619999998 -0.042843299 -1.122016648 0
0.705801782 -0.331357119 0.6800207079999999 1
-0.559581176 1.235597942 0.252937862 1
-5.489007193 -1.0756075459999999 0.731941649 1
-6.134605937999999 0.34916881299999997 1.00340287 1
-3.4189228369999998 0.761752432 1.130266224 1
-1.247130716 -0.43874096 -1.134617816 0
-5.559077403 0.462413577 0.476499825 1
-1.2138864409999999 0.095242941 0.7837679009999999 1
-4.063899613 0.802610899 1.02370781 1
-1.809766451 -1.237427275 0.9079144729999999 1
1.321334936 0.671035795 -1.071055857 0
-4.506568402 1.2091308440000001 1.5489076019999999 1
-1.010229145 0.554783759 -1.20282107 0
-3.469558135 -1.047092455 1.3994608430000002 1
0.39819068 -1.389438402 -0.967191943 0
0.960097561 0.8558271829999999 -1.094303287 0
-0.564898566 -1.7693191769999999 1.271192589 1
2.970527878 0.358444659 1.2516989570000001 1
1.247736234 -1.7303532480000001 -0.80478489 0
-3.900592451 -1.890987929 -0.993613193 0
-1.237819458 -0.12448825 -0.918761464 0
2.901495563 -1.035977771 -0.97764574 0
-3.3419505330000003 -0.23588574199999998 -1.030696684 0
6.93509641 -0.607604625 -0.7920635640000001 0
-1.36943377 0.079066871 1.1151736970000001 1
-1.588348017 -0.505835815 0.640143374 1
2.9328664 -0.38748557899999997 -0.859864335 0
-0.257286616 -1.324659458 -1.173737389 0
2.351721607 0.780031037 1.655012164 1
0.9473921040000001 0.466315315 -1.1891066909999999 0
-0.994195121 1.500407491 0.60501544 1
-2.232239061 -1.779512919 -0.6751253840000001 0
-1.318346307 -0.33647695299999997 1.1773273290000001 1
0.359826099 0.127644753 -0.9268323190000001 0
5.9552428289999995 1.762929304 1.7527124669999998 1
2.018428193 0.5268897929999999 1.627815975 1
2.532160598 -0.40795510700000004 -0.869798623 0
1.024941846 0.151410127 1.06948329 1
1.982987991 -0.401837592 0.635377246 1
-0.453820913 -1.527395575 -0.9265583390000001 0
2.195462759 -0.844822663 1.313823496 1
-2.213892185 0.273706945 0.582443632 1
-0.9292447429999999 1.304507493 1.488914004 1
2.660202574 -1.428245811 -0.928002453 0
0.8321195570000001 0.43110587200000006 0.777003277 1
0.032912792999999996 -0.8116317890000001 -1.2522951820000001 0
3.635065347 -1.074307634 -1.072296141 0
2.236985818 1.013988904 -0.858430204 0
1.8140483840000001 -0.9797760959999999 1.13997162 1
-1.09568596 -0.40068307299999995 -1.039350578 0
0.793526018 -0.23527667600000002 0.551770529 1
0.076436726 0.638425406 1.374023512 1
0.8823785609999999 -0.602338354 -1.0992817259999998 0
2.171329503 -1.141315544 -0.9775966509999999 0
-0.09959028 0.651423625 -0.031390596 1
2.6194516219999997 -0.36107171600000004 0.778858748 1
-1.7505665680000002 -1.206793582 1.023289373 1
4.4894185669999995 -0.441996629 -1.146831599 0
1.485397805 -0.48159525700000005 -1.1613445279999999 0
-1.873283311 -0.07623891 1.17503616 1
1.292408316 0.033081343 0.96424282 1
2.442218486 -0.772976172 1.1531804970000001 1
2.123166462 -0.843851048 1.21798577 1
-3.712467383 0.067266514 1.2527699209999998 1
1.6755976330000002 0.614994315 -0.971600142 0
-2.175848015 -1.631057965 0.7187136279999999 1
2.149578154 -1.6650048 -1.018847197 0
-5.957867086 -0.037234331 1.333793456 1
4.572279815 -0.38698945700000004 1.297031118 1
-9.136006741000001 0.973704645 1.3761424009999998 1
2.82064268 0.425874305 0.566633686 1
-2.260845394 -1.640609866 0.9347751740000001 1
-3.9518946689999996 0.58516119 -1.124182318 0
-1.420830864 -0.685430068 1.305261002 1
-4.232020822 -0.047489397 -1.008738121 0
-1.708981809 1.07594816 -0.999748614 0
-2.275659169 0.5944654429999999 0.656908546 1
-0.35544326 0.6759680140000001 -0.906156425 0
-3.0115766880000003 -0.35616914 0.6071652710000001 1
-2.415954147 -0.15501964199999999 0.750615745 1
-3.250276885 -0.8336151140000001 1.181350917 1
-2.325524345 -0.797216479 -0.8240400720000001 0
-0.296041031 -0.565828766 1.136217667 1
-1.698279266 0.074162015 -0.810006254 0
-0.6991851490000001 1.4248206140000002 1.6113576330000001 1
-1.409059831 -0.551189542 -0.878143955 0
1.684897686 -2.08681004 1.3701793480000002 1
-0.7394845940000001 1.266456075 -0.7312653170000001 0
2.623236504 0.54403977 1.272996206 1
0.33975694100000003 1.410461921 1.200608117 1
2.048061597 0.542408901 -0.972869613 0
-4.588785588 0.580542593 -1.0105101109999999 0
5.0134958 -0.001539692 1.9708311859999998 1
0.25142530399999996 1.8837492219999998 -1.364541337 0
-0.733386995 -0.944304843 -0.860311293 0
-0.6835690729999999 -0.8542662259999999 0.8566675570000001 1
-2.761151367 1.127114704 -1.18706733 0
3.863949571 -1.5934772990000001 1.229707661 1
3.476047978 -0.367750449 0.930823744 1
1.820754066 1.3018283720000001 -0.82946682 0
-0.132868502 0.346629404 -0.957365954 0
-0.752288435 0.265947129 -0.968910377 0
-1.782670294 0.36459846799999995 -1.202660093 0
5.749710277 0.236687602 1.426341677 1
-3.735296027 0.147502054 1.3760782580000002 1
-3.416311595 -0.33665032100000003 -0.8196468109999999 0
0.7120890809999999 2.8290206610000004 -0.831557476 0
-4.179302787 -0.9736941579999999 -1.0623437359999999 0
-2.4792625719999997 -0.265703374 0.8539719090000001 1
-1.53089339 -0.7009684009999999 -0.9640083140000001 0
-1.95069946 -0.7830055890000001 -0.637517717 0
2.9603367589999996 -0.7995427490000001 0.549023065 1
1.072248203 -1.523512244 0.525306767 1
2.507292041 -0.783282998 0.8503100109999999 1
1.551890889 1.635432222 -0.852396611 0
-2.405998694 -1.144917982 0.574805065 1
-3.216756634 1.5610523859999998 0.938677302 1
-5.0271649389999995 0.43407008700000005 0.7553361409999999 1
-0.831787187 1.157339305 -0.370209916 1
1.807681289 0.328218151 1.2997913909999999 1
3.8941059339999997 -1.698592655 0.644526199 1
-4.140872278 -1.9697670569999999 1.099097355 1
3.850395611 -0.061378362 1.060953408 1
2.47182567 0.058322119000000006 -1.021346658 0
4.721147831000001 0.301892358 -1.1430474290000001 0
-0.23143014399999998 -1.986422099 -0.8423878490000001 0
2.617362004 -0.028074232999999997 -0.972423435 0
1.732611364 0.752043633 -0.8141352140000001 0
-3.754865889 0.0012848830000000001 1.310571579 1
4.589710649 0.09812977099999999 0.654711067 1
3.59005218 1.227587277 -1.217510178 0
4.421836912 -1.141484749 0.866416596 1
3.7520422289999997 1.016625758 -1.435066025 0
1.109696706 0.882636262 0.45317545299999995 1
0.470571595 1.5917496580000001 0.549623589 1
1.295820757 -1.353321142 -0.970927003 0
1.195277005 0.619361388 0.019796871 1
-9.794327719 -1.461189188 -1.0894286770000001 0
5.464039699 -0.563627156 -1.174560676 0
0.6786982779999999 0.38853678799999997 -1.097477477 0
-2.260263716 -0.057819312000000005 1.2744105479999999 1
-0.366955404 0.316617275 -0.95221078 0
2.8565802319999998 0.041532053 1.443590955 1
-3.571954578 1.138953092 -1.037262935 0
0.549044051 -1.012279393 1.4006494919999999 1
-3.790935153 0.094350164 -0.928989608 0
0.235557829 1.0455290179999999 -0.7471912279999999 0
-0.326180982 -1.8179032469999998 0.744760878 1
1.5060520080000002 1.174033846 1.6247698030000002 1
-0.131277442 -0.646070454 -1.10997319 0
2.2425947440000003 0.762946366 1.083618346 1
3.485875478 0.049358822999999996 -0.8927947759999999 0
-3.668917545 0.35365202 1.388249094 1
-1.078096625 0.43553601299999994 0.9465626559999999 1
2.427148604 0.070779979 0.464637199 1
-2.11020361 0.7171325679999999 -1.1098426259999998 0
-4.280741988 1.027787635 -1.1995631420000001 0
-2.9365469839999996 0.310152699 -1.24804193 0
4.08556127 -0.88536789 1.299961374 1
3.9322035910000004 0.24446535100000003 -0.920346443 0
-2.061029825 2.209702566 0.981326633 1
4.112063566000001 -1.119768119 1.162836541 1
1.842356675 -0.154053145 1.236330498 1
1.632343434 0.345652391 1.0436372740000002 1
-1.44080349 -1.034511784 -0.836972617 0
-1.684798944 -0.200837743 0.933602322 1
6.210623954 1.790530741 -0.957377336 0
-0.625184527 0.535084554 0.9331816409999999 1
-2.549158534 -0.641583218 -0.7142640720000001 0
-2.209555464 -0.41782654700000005 0.60883644 1
2.149531554 1.263730796 1.820354449 1
4.740441324 0.955598147 -1.310324882 0
-3.680138772 0.966962075 -0.9043366970000001 0
-0.256642938 0.157197187 -0.8904487320000001 0
-4.189274191 0.26634922899999997 1.061739167 1
0.655538064 0.6510332 -1.1168793129999999 0
9.071051368 -1.1334018 1.619327287 1
1.6097801319999998 -0.11620601400000001 1.201629685 1
-1.034810262 -0.01051079 -0.951220649 0
-6.521770902 2.086868679 -1.072373891 0
1.2669351070000001 0.293057857 1.273106384 1
4.4293327510000005 0.603966832 -1.012594832 0
3.083254974 -0.314812696 -1.025306048 0
-1.8086111219999998 1.1459109490000001 -0.949050631 0
-4.325231012 0.844551395 0.695969095 1
3.248662267 0.114257211 -1.021754019 0
-0.212589413 0.493297163 -0.8812035 0
1.625352669 1.833111093 0.9807350909999999 1
-4.409400183 0.227100832 -1.070222699 0
-0.25769861 0.039353353 -0.754374326 0
1.211441354 -0.236016358 -0.7556521270000001 0
3.308130247 -0.467537954 1.231721916 1
0.197798282 0.478092862 0.39821641799999996 1
-2.336659552 0.228466522 1.236899896 1
-2.088946839 -0.283633973 0.825605714 1
0.936992865 0.23767325600000003 1.691333744 1
-3.361814658 -0.296878398 -0.819737596 0
1.417973786 0.499743705 -1.045848586 0
1.13774059 0.950869858 0.074572549 1
-4.914810602 1.232170159 -0.663065232 0
2.955609548 -0.515175528 0.828985448 1
0.395681104 1.142310009 0.892124355 1
-0.208706266 1.195454242 -1.127269552 0
4.000701732 0.300425455 0.685400287 1
-0.921686318 -0.23611165899999997 0.870475041 1
2.089496643 0.643837156 -0.8557006429999999 0
1.27092737 0.491863793 1.324372624 1
-1.4347087790000002 -1.079593418 0.648219731 1
-5.30383577 0.811605495 1.200926953 1
0.8706129840000001 -1.160614708 0.695942904 1
1.733852573 0.984854322 -0.935266487 0
-2.5007854430000003 -1.750102087 -1.060987987 0
0.944027783 -0.215336953 0.890383041 1
0.7699727940000001 -0.683945362 -1.29578151 0
-0.06810686 1.6883315419999998 1.093938701 1
0.9112894309999999 0.250976762 0.757615928 1
2.650174224 2.6345411640000003 -0.883476571 0
1.1536734309999999 -0.327073334 1.036513163 1
2.672557022 -0.652636702 0.6723309340000001 1
-2.776722065 1.472961732 -1.37862163 0
-0.103413807 0.9308010240000001 -0.853691709 0
2.244823002 -1.070391624 1.009823596 1
0.412066793 1.120676695 0.5815112579999999 1
3.4222267339999997 2.138834695 -0.9296094000000001 0
4.728576542 0.26312415899999997 -1.069413329 0
-3.79054462 0.07252549900000001 0.638652691 1
2.144317921 -0.135923598 -1.00654356 0
-0.910080942 0.341962139 1.00430939 1
-3.042979693 -0.0019289510000000001 0.904181146 1
-0.6257024170000001 0.657092561 -1.123179269 0
-2.22906841 -0.109293877 -0.821506792 0
-3.459309858 -2.488516054 0.968646748 1
-2.0464250969999997 -0.703808022 1.297529553 1
-1.8595240830000002 -0.042924587 0.28905715 1
-0.374640298 0.24065996899999997 -0.9204293159999999 0
-3.072745498 2.8879444839999997 1.773606886 1
1.09112438 0.83641631 1.15162595 1
2.546833035 0.186148798 0.746761448 1
-1.1935104840000001 1.1936490709999998 1.4449110369999998 1
1.498752241 0.46829814399999997 1.442540491 1
3.58701882 0.500144651 -0.915082808 0
-1.828654005 -0.053692635 -1.132710635 0
-0.903473082 0.942078525 1.00815944 1
-0.881612768 -1.312006735 1.222109465 1
1.7760853280000002 0.652113842 -1.123166475 0
-0.26253076399999997 0.314906253 -0.913230749 0
1.093357742 0.262886585 -1.130232404 0
0.553489186 -0.860627055 -1.0710754470000001 0
0.321016978 0.22168557100000003 -1.089508741 0
-2.782156413 1.170435442 -1.0342541170000001 0
-1.466004694 1.574810526 0.588588918 1
-0.027800146 0.04422204 0.911250598 1
1.813153495 0.606769503 0.863925376 1
6.90734564 -0.568798887 -1.054215049 0
-2.214304613 -1.084242847 -0.844269038 0
2.448787174 1.267018971 0.656330097 1
4.324943765 0.7312514859999999 0.5587992420000001 1
-0.404167939 -0.923656358 0.7395049929999999 1
3.86819323 1.075929954 0.5332660579999999 1
-4.139355414 -1.9911636990000001 1.214097923 1
-1.585755789 -0.957401127 -1.03540591 0
-1.444520291 -0.853785591 1.204661596 1
2.362665721 -0.34388368 -1.217243193 0
0.160264193 0.09832684300000001 0.142412811 1
-2.310008669 1.238382658 0.688283293 1
1.70766163 -0.44843785399999997 0.913175035 1
-0.26931777 2.629963845 -0.813570137 0
-0.485623556 1.1735112890000001 -1.224339859 0
1.4873288830000002 -1.213513408 -0.8836485999999999 0
-2.697443343 -2.309509419 0.8727540009999999 1
-1.2425172740000001 -0.361730722 -1.185390653 0
0.09878585699999999 0.366455339 1.089534171 1
-0.468006431 0.397674239 0.550167305 1
2.235392247 0.143485278 0.791520303 1
-5.033312387 0.396498023 -1.104777524 0
2.8217523489999996 0.699087672 1.302914234 1
-3.084155173 -0.360282934 -1.003070469 0
7.1752745860000005 0.96149366 -1.047510098 0
-0.656057542 -1.1225820709999998 1.804587071 1
-0.221098515 0.078644239 1.9288795369999998 1
5.287699474 -0.222666707 0.883253363 1
0.030435896 0.957734663 -1.013177115 0
1.611208341 -0.188407968 -1.054484083 0
0.265888106 -1.615448129 0.745859536 1
2.3277871219999997 0.45276394 -0.984314372 0
0.401943512 0.33493592899999997 -0.908769533 0
-1.3792280369999999 -0.827190159 -1.094565081 0
3.820273367 -0.27469099399999997 0.454743377 1
1.725565871 -0.458737713 1.055547073 1
-4.085406094 -0.0049735479999999995 -1.0923592690000001 0
2.953183108 0.10394174699999999 1.3834556080000002 1
5.0707667789999995 2.396220322 1.608919212 1
5.723730591 0.16932231 0.708441643 1
0.587628415 -0.650968919 -0.9714515779999999 0
-4.820274426 -1.685108122 0.9567534520000001 1
1.7295423980000002 -0.01134665 1.2695495959999998 1
-0.019099094 1.514473709 0.920699107 1
-2.5114040909999997 0.237409691 0.5318769720000001 1
1.860712018 -1.4183478999999999 -1.042338054 0
4.4034254189999995 -0.811156412 -0.8038214570000001 0
0.198882919 -1.391731157 1.17334867 1
-9.475619336 0.148044099 -1.163938881 0
1.1143157559999999 0.578812556 0.47936496700000003 1
4.2831481689999995 0.86304635 1.3089931129999999 1
-1.8791799569999998 -0.429909346 0.228392003 1
3.397535262 0.525308488 0.5718187339999999 1
0.22178395899999997 2.649071066 -0.900212439 0
-1.3700880480000002 0.011701383999999999 1.2059914459999999 1
-4.316916929 -0.01535854 -1.036903865 0
-6.364170142000001 -1.045165181 -0.856445805 0
-1.688513745 0.510386937 -1.0823899959999999 0
-0.278078215 -2.696713033 -1.1519548929999999 0
0.972635743 -0.6850769790000001 1.2951814959999999 1
0.244998537 1.416657157 -0.870818902 0
4.973087099 -1.51584671 1.260787846 1
-2.8746543289999997 0.503379996 -1.2185129 0
0.889644894 0.054658427 1.4016996380000002 1
-2.672820196 -0.712561137 0.6837671740000001 1
-2.4935084169999997 1.657522357 1.189315237 1
6.396710692999999 -0.364425071 -1.018175459 0
0.411988607 -0.86637353 -0.888720092 0
2.277888424 -0.653382809 -1.041035629 0
2.05515945 0.243776327 1.037511546 1
-1.7258202580000002 -0.273863769 -1.183365432 0
-1.779427198 1.53461382 1.3944784159999999 1
4.067161896 -1.319044052 1.0862599720000001 1
6.304962217000001 -1.505483704 -1.304799058 0
1.8963143080000002 -0.020428061 1.342514965 1
0.529566995 -0.17164748300000002 1.147305641 1
-0.089938837 0.19581299800000002 -1.3697421330000001 0
-0.019900316 -0.17819902699999998 -0.982909108 0
-1.7265298930000001 -0.075008907 -1.2925833070000001 0
1.406388942 -0.745488842 -1.16843952 0
1.5726465090000001 -0.32720643899999996 1.01367434 1
0.344955238 0.32594096699999997 0.432574645 1
-0.10653497099999999 2.239351567 0.801236981 1
1.0032308 0.391075255 -1.627253003 0
-3.63423278 0.780986425 -0.982899312 0
1.579587144 1.65342362 -1.09553697 0
-5.586842917999999 0.8051178790000001 -1.021721522 0
3.7590185369999998 -1.049310996 -1.150684742 0
3.5584316819999997 1.351322397 -1.2807717779999999 0
3.775036258 -0.34042917899999997 0.866742145 1
-6.443768198 0.441790449 -0.759384682 0
-0.9618276920000001 -0.583809245 -1.028691525 0
5.934109347000001 1.066258767 1.1535841279999999 1
1.551711981 1.7536431419999998 0.458931937 1
-0.92551907 1.7600328440000002 -0.649854384 0
1.697520731 0.054237731 1.6970944559999999 1
-0.41548012 -0.318258295 1.1080661379999999 1
2.6303665940000003 0.458264768 -0.9970068790000001 0
0.150038314 1.003426144 -0.8937727059999999 0
-2.6908763739999997 -0.825875198 0.5625573429999999 1
3.2826572489999997 1.5675663119999999 0.311686741 1
-0.7642893159999999 0.35838264 0.808926433 1
2.922573704 -0.496742766 -0.968831112 0
-1.514018858 -0.611987525 0.353858942 1
-0.169210367 1.115115985 0.624437315 1
0.38545293399999997 0.392990359 0.535018796 1
3.275885465 1.201651735 -0.7953218870000001 0
-1.0716788990000001 0.649365761 -0.9142221840000001 0
0.429313813 0.08971508800000001 0.7612191340000001 1
0.727734887 0.5756428579999999 0.680646017 1
4.480685912 0.082644576 -1.258399725 0
-2.400149227 0.407690235 0.852665338 1
-5.731331786 -1.376239465 0.777561107 1
-6.346304406000001 1.4737258530000001 1.137972919 1
1.8836789840000001 -0.422458241 1.1395100740000002 1
-0.7900603209999999 0.601029706 0.6941466759999999 1
0.083232497 -0.01236767 1.510104123 1
-2.9404245689999997 -0.574538058 -1.014085115 0
-4.156225911 0.719196396 -0.986167855 0
0.557742471 -1.6678201990000001 1.219065307 1
0.312039997 0.00986085 1.174191014 1
1.946462235 0.528220067 0.333647746 1
4.151159625 -0.487768451 -1.189519271 0
-0.42022067799999996 -0.954566755 0.909250418 1
-3.1221444239999996 0.05725857 1.341364562 1
-0.41488709100000004 -1.011241573 0.49379188700000004 1
0.0874922 0.881546377 -1.16563231 0
4.2294100089999995 1.805052703 -1.071654486 0
-3.0974731810000002 0.453733713 -0.921071871 0
-3.339306811 -0.315163135 -0.925377351 0
0.107123309 -0.444938094 0.674145041 1
0.765718543 -1.161911927 -1.13805059 0
3.485944397 -1.006922102 -0.6771628190000001 0
2.71798349 2.01457283 -1.290787769 0
1.4400699240000001 0.8044711720000001 0.8277573090000001 1
-1.394075305 -0.694821536 -1.129396128 0
0.614364596 0.797129413 1.147684407 1
0.637937386 -0.023612359 -0.840893375 0
-0.439822905 0.847695995 -1.3642291530000001 0
3.1895095010000003 -2.115968802 -1.109349462 0
0.805773614 -0.410646744 -1.11273541 0
2.324945698 -1.214209668 1.15633887 1
-5.035611398 0.141497875 0.939588229 1
-2.958223784 0.599625938 -1.209496167 0
-0.400479424 0.641543193 -1.2801585640000002 0
-2.037142083 0.868130348 -0.841000547 0
2.410144228 0.904838603 1.062750654 1
3.6357825339999996 -0.168893568 -0.964694942 0
4.561917669 0.710311017 1.295254945 1
-0.6933153870000001 1.1547409290000001 0.840727337 1
5.0988341969999995 -0.0050936259999999995 -1.1433588959999998 0
-2.5921004130000003 0.769058679 -0.9172404259999999 0
0.938686395 0.27701985 0.246458331 1
-4.988122271 -0.276329222 1.1723602 1
5.311399246000001 -0.5310029789999999 0.498553181 1
1.039712057 1.060311084 0.746070001 1
-1.042054346 1.343413995 -1.0611950890000001 0
-0.204195249 0.406180066 -0.72250052 0
-0.93771282 -0.120604108 -1.0066102590000001 0
2.118985893 -1.290809459 0.528379616 1
5.078677591 -1.100743868 -0.9968991979999999 0
-2.3080685030000003 -1.0493039659999999 -0.979973702 0
3.945882048 -1.06654752 1.092795532 1
-3.7693048960000004 0.560806237 1.5707486869999998 1
3.3705019839999997 0.270284012 0.825509438 1
0.848860684 0.462297319 -1.211695151 0
-2.9217522469999997 -0.213285347 -1.102399578 0
-5.851363949 1.2679224820000001 -0.878046122 0
-1.205294945 -0.11168661 -1.081514087 0
2.8345626110000004 -0.340857619 0.8491110609999999 1
6.062865955 -1.8256437719999998 0.860291052 1
1.207377174 0.691796358 0.524891012 1
-0.6568011020000001 0.677041775 1.317102429 1
1.4584333369999998 -1.0163606840000001 -0.895740117 0
-4.377183273 0.988366156 -0.97219227 0
-3.3451139189999997 0.169667874 1.10755651 1
-3.208710148 1.124208041 -1.133149094 0
-1.577776765 1.054554309 -0.8270086190000001 0
-4.098392786000001 0.082949664 -1.099819632 0
-1.787058373 1.676370975 -1.327996588 0
1.94452887 2.37871668 -0.959899616 0
3.25804543 -0.64563674 -0.685554214 0
1.0533231790000002 -0.24213959 -0.7865152759999999 0
5.198057919 0.266434845 -0.7559855999999999 0
2.0981226459999998 -0.043898353 1.12149435 1
-2.038646607 1.469785105 -1.1778223079999999 0
-1.781484259 -2.061989222 -1.034667235 0
-1.5748721430000001 -0.43875012799999996 0.8551359209999999 1
-1.082986199 0.362770055 -0.935143946 0
0.762921312 -0.9811650759999999 1.140312222 1
4.147497036 0.27595523899999996 -0.949364193 0
1.498458157 -0.237527089 1.353227669 1
-0.37786529700000004 0.018788546 -1.049530708 0
3.074556072 -0.535263722 -0.8284675890000001 0
3.4845040139999996 -0.37904124899999997 1.1629822840000001 1
3.8947898430000003 1.4354570009999998 1.301213902 1
4.0440799819999995 -0.8028472740000001 -0.981360785 0
-4.437793447 0.239970614 1.418150775 1
-8.822798953 -0.37346591 0.7547929170000001 1
-0.7576501409999999 -0.644864175 -0.8691239040000001 0
-0.08921037300000001 -0.13185807300000002 -0.821446369 0
6.185821132 -1.406102384 -1.285653358 0
-0.006018356 0.690160089 -1.0565713190000001 0
2.076475406 1.109493755 1.189726171 1
-4.900721183 0.32947294899999996 0.774684333 1
1.906665597 -0.022093774 -0.7939362640000001 0
1.65919423 -1.3622408119999998 1.599573488 1
2.011921955 -0.085383463 0.714297023 1
-1.786961029 0.9403439259999999 0.766859175 1
-0.325121554 -0.759023714 1.299772419 1
-5.6289074139999995 0.303658639 0.717640354 1
1.196100138 0.349127092 -0.936819249 0
-7.513753792 1.135556183 -1.044902895 0
3.565432799 -0.104987051 -0.983460034 0
-1.888343892 2.118778951 -1.067590935 0
-0.930200466 -1.689087393 -0.84266958 0
3.576955069 -0.8558987370000001 0.43436215100000003 1
2.586481031 -0.44953685 -0.834980253 0
1.360973688 -0.631501698 0.510933701 1
1.814492957 1.65116678 1.569912279 1
-1.526280446 1.8156241130000002 -0.769627301 0
0.753302308 -1.4267960309999999 -0.9541409040000001 0
0.59121684 0.835271557 -0.865481906 0
-1.22327786 -1.7717288480000002 -0.7203153809999999 0
-2.220057362 1.001104456 -1.117385969 0
-1.194606863 -0.281181726 -1.1029092109999998 0
3.10586556 0.287257094 -0.9141943020000001 0
1.345096817 -0.301348164 -1.162806075 0
-0.729857055 0.942780497 -0.9360875879999999 0
0.668435546 -0.514032834 -0.916545178 0
1.765380415 -0.952645525 -1.019869635 0
2.646894127 -0.35340614299999995 -1.229693963 0
1.233134202 -0.792179772 1.33671472 1
-5.353322973 -0.057502255 1.166410847 1
-1.170641207 -0.485445984 -0.930195608 0
-0.089855216 -0.565531451 -1.050413891 0
-2.105164502 1.126337493 -1.1366436770000001 0
-0.918620654 -2.2591970409999997 -0.7981242409999999 0
-4.348264166 -0.542105929 -0.765550174 0
-0.814429665 -0.6939448020000001 0.876776343 1
0.630835254 1.7293029009999998 0.33733869299999997 1
-3.7045636639999997 0.6941244540000001 -1.051642172 0
1.9181763059999999 -0.73225184 0.8474003790000001 1
2.170190726 0.164063181 1.5899451080000002 1
-5.435873595 0.36657726700000004 1.174344939 1
-0.5649551039999999 -0.9096324570000001 0.828821123 1
-0.121267656 -1.02422425 -0.877292918 0
-2.135371838 -0.134605324 -1.213647579 0
4.574745706 0.9750770679999999 0.767905708 1
3.669130977 0.7990136720000001 1.11384605 1
-4.763052134 0.208909868 -0.993309545 0
-4.296519198 -0.9721855159999999 0.991107277 1
-2.4876789809999997 -0.185681397 1.107851286 1
-2.769040061 -0.393234682 -1.099223845 0
-3.8575320310000003 -0.73194583 -1.21667522 0
-1.067100859 -0.838531173 -0.790297908 0
2.5546404590000003 -0.011487706 1.281948358 1
-6.2439905410000005 1.405798977 -0.9641149840000001 0
1.6270350580000001 0.689206392 -0.845044839 0
-4.877523491 -0.158899906 0.5941222039999999 1
-2.5780050219999997 0.241412095 -0.965359359 0
-3.31017712 -0.036482205 0.502555836 1
-1.049530246 -0.87070833 0.8777952729999999 1
2.9094864019999997 1.259835943 -0.867016859 0
-1.2114481670000001 0.543808785 -1.156390791 0
-4.636184576000001 1.456652869 1.093412195 1
-0.8569090159999999 -0.609268415 0.6658119570000001 1
-1.075223953 -0.9139411359999999 -1.110006012 0
-4.08558588 1.303850108 -0.730786507 0
-3.3558248880000003 -0.148754467 0.753096483 1
-4.2701860510000005 0.432298654 -1.161845253 0
-2.418309344 -0.308890983 -1.223873756 0
2.469628509 0.07265701 1.8335266140000002 1
0.20254304899999998 0.40448571 -0.9118766340000001 0
-0.344755031 -1.252485067 0.27225689399999997 1
5.31366192 -0.321454526 0.5803017 1
6.5881010689999995 -1.04983438 1.323638754 1
-7.014589475 -1.3448356000000001 0.879134031 1
-1.7273075969999998 -0.265196416 1.267465766 1
-1.5223398380000002 0.11868585 1.7083287919999999 1
-0.20084275699999998 -1.57858524 0.9487890640000001 1
-3.370427505 -1.70330571 1.106122942 1
-0.151245447 0.539749216 0.93220322 1
0.662155128 -0.5429918 1.146188543 1
3.43447012 -0.25509994399999997 1.186037582 1
3.544178318 0.837007477 1.229312892 1
-2.5226792430000002 -1.898986656 0.8357026609999999 1
-0.9096533809999999 -0.569660654 -1.154585942 0
-4.976240098 -0.9315159159999999 1.1938625920000001 1
2.321913979 -1.028198575 1.022539735 1
-1.485327523 0.084020665 1.23939651 1
1.66019535 -1.183243424 -1.2133644829999999 0
-2.0996237630000003 0.7217459629999999 -0.9385522279999999 0
0.61662477 -0.16790183399999997 0.752364472 1
-2.4367622669999998 1.043691747 -0.994614117 0
7.129633523 -0.16414964 1.146698779 1
3.705860415 0.298946399 -1.1857496379999999 0
-0.8045108240000001 -0.24670218800000002 1.354181233 1
1.0213338490000001 -1.866200485 0.744897688 1
-0.358729626 0.9910443879999999 -1.089695303 0
-2.7208756789999997 -0.009571493 -0.981605361 0
1.229884898 -0.5795298179999999 0.764467143 1
-1.375768162 -0.395884689 1.697644885 1
-3.354090662 1.183523812 -0.803765627 0
-2.527023897 -0.723888333 1.890900999 1
1.247036286 0.14764413099999998 1.192044059 1
-0.38068722899999996 -2.94673249 -1.219372065 0
0.716057927 1.289477893 -1.049453929 0
0.5565588260000001 -1.130366075 -1.051984621 0
2.197492731 1.8927433219999998 1.266275703 1
1.9588192759999998 -1.868119701 -0.7387971940000001 0
-1.5961144840000001 0.36049172700000004 0.688139052 1
5.374367824 0.49781217899999997 1.043681923 1
-1.679302343 1.2702307 -1.0043313459999998 0
2.976363227 -0.063285893 0.9310166870000001 1
6.068834663 -1.323746064 -1.022944548 0
-2.2904244069999997 -0.519015469 1.215640436 1
-1.830457821 0.40765434799999994 1.194459696 1
5.127130543 1.9418711659999999 -0.8781549329999999 0
-2.3096168390000003 -1.416158306 0.12058147599999999 1
1.738132414 0.469200181 1.3336187609999999 1
-1.787489462 -0.354299252 -1.162861564 0
2.298339668 1.583999757 0.886927366 1
1.8077282730000002 -0.162457627 -1.0504747779999999 0
-0.48485553200000003 1.83707074 1.073937585 1
1.378542455 1.219193237 1.4378899580000002 1
0.123070104 0.43028642200000006 -1.119096006 0
6.099523358 -0.677782124 -0.7630225509999999 0
-3.1989505410000003 0.24697374100000002 1.463048902 1
2.309239383 1.9380957909999998 1.816854965 1
1.243520582 -1.181675865 0.773419418 1
-0.582421461 -1.039087777 -0.8936372909999999 0
1.7947731690000002 1.396361475 -0.9797778229999999 0
-5.030409742 -0.032887308 0.47047745 1
-2.9142534330000003 0.475274769 1.06782842 1
-0.239647002 -0.407663444 -0.995009995 0
1.484029958 -0.5007207770000001 0.8467042020000001 1
-0.109385106 0.208013402 1.29686702 1
1.4697332730000001 0.644146584 1.094818824 1
-1.064634653 -0.563830725 0.837367656 1
-0.5697584210000001 -0.395491421 1.1972724559999999 1
-1.334906118 -0.141538472 -0.723840087 0
-3.3693246489999997 0.215428368 -1.151290946 0
1.060331443 -1.211316955 0.940932113 1
3.224880378 -0.512324033 0.982379617 1
5.347107143000001 -1.135831735 -0.8797964890000001 0
-2.4764223519999997 -0.331317415 0.7319231429999999 1
1.999385526 -0.6787805809999999 -1.271321515 0
6.157012216 0.887877096 -1.054587483 0
4.009122489 1.646657449 1.3778726019999998 1
-0.094497184 0.828482675 1.2611363359999999 1
1.339331318 -1.456672569 1.323327446 1
5.9974049979999995 0.568292464 -1.0282472759999999 0
3.864952187 0.8396672909999999 1.075944982 1
9.256745796 1.529727015 -0.90461557 0
-4.672150942 2.9262407880000003 -1.002954539 0
2.780409565 -0.287869001 1.5369872980000001 1
-1.8838374390000001 0.578062701 -1.032050694 0
1.409653646 1.815033336 -1.120982353 0
5.005293555 -0.77856778 0.8175611340000001 1
2.29270423 0.025959108999999998 1.264890761 1
-1.638750659 0.036177399 -0.947268048 0
3.1932417139999996 1.202540054 -1.112921332 0
-0.98459053 0.536691305 0.9059079859999999 1
0.286395041 -0.512615053 -1.016603448 0
4.434619956000001 -0.47230819700000004 1.3692137880000002 1
-0.521220995 1.271290986 1.869737772 1
-2.303686188 -0.633777925 -1.168974964 0
2.0928454430000003 -0.250722276 0.961058868 1
-2.6740129009999998 0.847994235 1.047241679 1
4.277982828 -2.133094658 0.999851024 1
0.302012755 1.35748053 1.36354095 1
8.254440746 0.70472237 1.462600041 1
0.387129161 -1.7871496130000002 -1.3720426680000002 0
0.992151508 1.040088747 -0.754575708 0
5.3320019830000005 0.327467522 -1.144929015 0
0.14127357 -0.0272519 1.101022181 1
0.503764394 1.742651764 0.8713874429999999 1
0.926637105 -0.36397974200000005 0.558712005 1
-0.7375628959999999 -1.952976745 0.600668374 1
0.9071688520000001 0.394329424 0.6947561959999999 1
5.132064065 -0.9818716559999999 0.9245689570000001 1
-2.7957758939999997 0.43332648799999995 -1.208401441 0
-3.854819738 -0.27465411 -0.895903564 0
0.740306534 -0.903902972 0.907491343 1
2.926839165 -0.36240087 0.9656413290000001 1